0
0
0
0
0
0
0
0
0
0
0
0
-57
0
50
0
-46
0
45
0
-47
0
52
0
-61
0
69
0
-80
0
91
0
-101
0
108
0
-113
0
114
0
-113
0
106
0
-97
0
85
0
-70
0
55
0
-40
0
25
0
-12
0
2
0
4
0
-10
0
11
0
-12
0
8
0
-6
0
1
0
0
0
-2
0
3
0
-2
0
1
0
1
0
-5
0
7
0
-11
0
11
0
-14
0
11
0
-10
0
6
0
-3
0
-1
0
4
0
-7
0
9
0
-11
0
11
0
-10
0
8
0
-7
0
5
0
-5
0
4
0
-6
0
9
0
-11
0
15
0
-19
0
22
0
-25
0
28
0
-29
0
28
0
-28
0
28
0
-27
0
27
0
-27
0
29
0
-31
0
33
0
-37
0
40
0
-42
0
44
0
-44
0
42
0
-36
0
29
0
-19
0
10
0
1
0
-14
0
25
0
-36
0
43
0
-50
0
53
0
-55
0
55
0
-53
0
49
0
-46
0
40
0
-38
0
33
0
-32
0
29
0
-30
0
30
0
-33
0
34
0
-39
0
41
0
-44
0
46
0
-48
0
48
0
-49
0
48
0
-46
0
41
0
-37
0
30
0
-25
0
17
0
-10
0
3
0
2
0
-5
0
7
0
-4
0
2
0
1
0
-5
0
6
0
-6
0
1
0
4
0
-14
0
31
0
-56
0
87
0
-123
0
163
0
-201
0
232
0
-256
0
269
0
-271
0
258
0
-230
0
187
0
-129
0
64
0
7
0
-82
0
150
0
-212
0
257
0
-288
0
293
0
-274
0
228
0
-165
0
83
0
7
0
-103
0
198
0
-285
0
363
0
-422
0
460
0
-476
0
468
0
-440
0
396
0
-338
0
271
0
-202
0
133
0
-69
0
10
0
43
0
-93
0
143
0
-204
0
274
0
-361
0
465
0
-595
0
749
0
-931
0
1137
0
-1370
0
1614
0
-1867
0
2112
0
-2342
0
2544
0
-2711
0
2827
0
-2886
0
2880
0
-2810
0
2670
0
-2467
0
2202
0
-1888
0
1524
0
-1126
0
704
0
-277
0
-149
0
558
0
-940
0
1284
0
-1586
0
1842
0
-2047
0
2199
0
-2299
0
2350
0
-2357
0
2327
0
-2263
0
2173
0
-2064
0
1939
0
-1804
0
1660
0
-1508
0
1350
0
-1180
0
991
0
-787
0
564
0
-322
0
59
0
226
0
-530
0
849
0
-1180
0
1509
0
-1828
0
2121
0
-2381
0
2594
0
-2752
0
2843
0
-2863
0
2807
0
-2680
0
2482
0
-2223
0
1909
0
-1556
0
1170
0
-767
0
361
0
30
0
-394
0
722
0
-1014
0
1261
0
-1468
0
1638
0
-1772
0
1871
0
-1939
0
1983
0
-2014
0
2035
0
-2047
0
2051
0
-2046
0
2031
0
-1998
0
1944
0
-1861
0
1746
0
-1588
0
1384
0
-1132
0
841
0
-514
0
155
0
227
0
-624
0
1021
0
-1413
0
1778
0
-2108
0
2382
0
-2600
0
2754
0
-2842
0
2859
0
-2811
0
2701
0
-2537
0
2325
0
-2077
0
1800
0
-1511
0
1209
0
-904
0
603
0
-317
0
47
0
202
0
-438
0
658
0
-867
0
1071
0
-1268
0
1456
0
-1633
0
1802
0
-1963
0
2114
0
-2248
0
2359
0
-2445
0
2497
0
-2510
0
2478
0
-2395
0
2259
0
-2066
0
1814
0
-1511
0
1162
0
-781
0
373
0
50
0
-478
0
896
0
-1296
0
1662
0
-1981
0
2240
0
-2438
0
2570
0
-2639
0
2642
0
-2588
0
2481
0
-2332
0
2145
0
-1935
0
1707
0
-1476
0
1237
0
-1001
0
767
0
-545
0
331
0
-126
0
-81
0
289
0
-506
0
735
0
-974
0
1219
0
-1466
0
1710
0
-1949
0
2172
0
-2370
0
2532
0
-2648
0
2710
0
-2712
0
2648
0
-2516
0
2320
0
-2060
0
1739
0
-1375
0
977
0
-563
0
145
0
266
0
-657
0
1017
0
-1343
0
1621
0
-1850
0
2020
0
-2139
0
2211
0
-2243
0
2237
0
-2206
0
2148
0
-2075
0
1986
0
-1885
0
1773
0
-1653
0
1515
0
-1362
0
1186
0
-992
0
774
0
-535
0
265
0
27
0
-342
0
675
0
-1015
0
1351
0
-1668
0
1958
0
-2212
0
2420
0
-2573
0
2666
0
-2695
0
2657
0
-2553
0
2387
0
-2169
0
1907
0
-1609
0
1289
0
-957
0
624
0
-305
0
5
0
273
0
-525
0
746
0
-947
0
1120
0
-1270
0
1394
0
-1501
0
1594
0
-1680
0
1757
0
-1829
0
1890
0
-1941
0
1974
0
-1989
0
1978
0
-1942
0
1873
0
-1773
0
1636
0
-1469
0
1273
0
-1052
0
807
0
-547
0
277
0
-3
0
-266
0
521
0
-756
0
965
0
-1150
0
1306
0
-1435
0
1540
0
-1620
0
1678
0
-1712
0
1731
0
-1735
0
1727
0
-1708
0
1682
0
-1644
0
1597
0
-1539
0
1467
0
-1375
0
1262
0
-1126
0
966
0
-781
0
576
0
-355
0
120
0
125
0
-376
0
622
0
-863
0
1085
0
-1284
0
1451
0
-1586
0
1681
0
-1739
0
1760
0
-1748
0
1704
0
-1636
0
1546
0
-1443
0
1327
0
-1207
0
1082
0
-961
0
837
0
-719
0
600
0
-482
0
356
0
-223
0
78
0
77
0
-245
0
422
0
-605
0
789
0
-973
0
1148
0
-1307
0
1447
0
-1558
0
1640
0
-1689
0
1704
0
-1682
0
1629
0
-1546
0
1439
0
-1313
0
1176
0
-1034
0
891
0
-746
0
605
0
-468
0
336
0
-208
0
84
0
35
0
-155
0
274
0
-398
0
520
0
-643
0
763
0
-879
0
987
0
-1086
0
1172
0
-1245
0
1299
0
-1337
0
1359
0
-1366
0
1358
0
-1341
0
1310
0
-1273
0
1225
0
-1174
0
1117
0
-1060
0
999
0
-940
0
875
0
-811
0
742
0
-673
0
601
0
-530
0
459
0
-390
0
322
0
-259
0
200
0
-147
0
98
0
-56
0
15
0
18
0
-46
0
70
0
-89
0
102
0
-113
0
120
0
-125
0
129
0
-128
0
123
0
-114
0
101
0
-86
0
68
0
-52
0
34
0
-17
0
0
0
15
0
-32
0
44
0
-57
0
66
0
-77
0
84
0
-93
0
101
0
-110
0
119
0
-130
0
143
0
-159
0
174
0
-192
0
207
0
-225
0
239
0
-256
0
270
0
-286
0
298
0
-309
0
317
0
-323
0
324
0
-325
0
324
0
-323
0
317
0
-313
0
306
0
-300
0
291
0
-286
0
279
0
-277
0
273
0
-273
0
271
0
-274
0
275
0
-278
0
279
0
-283
0
285
0
-288
0
287
0
-288
0
287
0
-286
0
281
0
-278
0
272
0
-268
0
262
0
-256
0
249
0
-243
0
235
0
-229
0
221
0
-216
0
209
0
-204
0
198
0
-194
0
189
0
-186
0
183
0
-182
0
179
0
-178
0
176
0
-174
0
171
0
-168
0
163
0
-158
0
150
0
-142
0
132
0
-123
0
111
0
-102
0
90
0
-81
0
71
0
-64
0
57
0
-52
0
47
0
-45
0
41
0
-41
0
39
0
-39
0
38
0
-39
0
39
0
-43
0
45
0
-51
0
56
0
-64
0
70
0
-80
0
88
0
-98
0
104
0
-109
0
109
0
-108
0
100
0
-91
0
76
0
-61
0
42
0
-23
0
2
0
15
0
-31
0
43
0
-51
0
55
0
-53
0
49
0
-41
0
31
0
-19
0
6
0
6
0
-19
0
29
0
-39
0
46
0
-53
0
57
0
-61
0
63
0
-65
0
65
0
-66
0
62
0
-59
0
52
0
-45
0
34
0
-23
0
8
0
6
0
-20
0
34
0
-45
0
54
0
-58
0
59
0
-57
0
51
0
-41
0
29
0
-17
0
4
0
6
0
-15
0
20
0
-23
0
22
0
-19
0
12
0
-7
0
0
0
4
0
-7
0
7
0
-4
0
-1
0
10
0
-21
0
32
0
-45
0
54
0
-63
0
68
0
-71
0
70
0
-66
0
57
0
-48
0
37
0
-27
0
16
0
-8
0
1
0
2
0
-4
0
3
0
-1
0
-3
0
8
0
-14
0
18
0
-22
0
24
0
-27
0
25
0
-24
0
21
0
-18
0
13
0
-10
0
5
0
-2
0
0
0
-1
0
1
0
-4
0
8
0
-14
0
18
0
-25
0
30
0
-36
0
38
0
-41
0
39
0
-37
0
30
0
-24
0
13
0
-3
0
-8
0
20
0
-32
0
40
0
-47
0
50
0
-51
0
47
0
-39
0
30
0
-16
0
1
0
14
0
-32
0
46
0
-60
0
70
0
-78
0
80
0
-79
0
72
0
-63
0
48
0
-32
0
13
0
6
0
-25
0
44
0
-59
0
71
0
-79
0
82
0
-80
0
74
0
-64
0
50
0
-33
0
15
0
3
0
-22
0
37
0
-51
0
59
0
-65
0
64
0
-62
0
53
0
-44
0
31
0
-20
0
7
0
4
0
-14
0
20
0
-25
0
26
0
-26
0
23
0
-19
0
15
0
-12
0
10
0
-11
0
14
0
-19
0
26
0
-34
0
45
0
-55
0
63
0
-70
0
75
0
-77
0
76
0
-71
0
64
0
-54
0
42
0
-30
0
17
0
-6
0
-4
0
10
0
-17
0
17
0
-19
0
16
0
-12
0
7
0
-1
0
-5
0
12
0
-19
0
25
0
-31
0
37
0
-42
0
46
0
-50
0
53
0
-55
0
55
0
-53
0
48
0
-40
0
30
0
-19
0
3
0
12
0
-29
0
44
0
-59
0
70
0
-79
0
81
0
-79
0
72
0
-61
0
47
0
-31
0
12
0
3
0
-18
0
28
0
-34
0
36
0
-32
0
24
0
-12
0
-2
0
17
0
-32
0
44
0
-55
0
60
0
-64
0
63
0
-59
0
50
0
-43
0
32
0
-23
0
13
0
-7
0
0
0
1
0
-3
0
3
0
-1
0
-3
0
6
0
-12
0
17
0
-26
0
32
0
-42
0
50
0
-63
0
72
0
-84
0
95
0
-105
0
111
0
-116
0
115
0
-113
0
104
0
-94
0
77
0
-59
0
38
0
-18
0
-2
0
0
0
0
0
0
0
0
0
0
0
0
0
0
0
0
0
0
0
0
0
0
0
0
0
0
0
0
0
0
0
0
0
0
0
0
0
0
0
0
0
0
0
0
0
0
0
0
0
0
0
0
0
0
0
0
0
0
0
0
0
0
0
0
0
0
0
0
0
0
0
0
0
0
0
0
0
0
0
0
0
0
0
0
0
0
0
0
0
0
0
0
0
0
0
0
0
0
0
0
0
0
0
0
0
0
0
0
0
0
0
0
0
0
0
0
0
0
0
0
0
0
0
0
0
0
0
0
0
0
0
0
0
0
0
0
0
0
0
0
0
0
0
0
0
0
0
0
0
0
0
0
0
0
0
0
0
0
0
0
0
0
0
0
0
0
0
0
0
0
0
0
0
0
0
0
0
0
0
0
0
0
0
0
0
0
0
0
0
0
0
0
0
0
0
0
0
0
0
0
0
0
0
0
0
0
0
0
0
0
0
0
0
0
0
0
0
0
0
0
0
0
0
0
0
0
0
0
0
0
0
0
0
0
0
0
0
0
0
0
0
0
0
0
0
0
0
0
0
0
0
0
0
0
0
0
0
0
0
0
0
0
0
0
0
0
0
0
0
0
0
0
0
0
0
0
0
0
0
0
0
0
0
0
0
0
0
0
0
0
0
0
0
0
0
0
0
0
0
0
0
0
0
0
0
0
0
0
0
0
0
0
0
0
0
0
0
0
0
0
0
0
0
0
0
0
0
0
0
0
0
0
0
0
0
0
0
0
0
0
0
0
0
0
0
0
0
0
0
0
0
0
0
0
0
0
0
0
0
0
0
0
0
0
0
0
0
0
0
0
0
0
0
0
0
0
0
0
0
0
0
0
0
0
0
0
0
0
0
0
0
0
0
0
0
0
0
0
0
0
0
0
0
0
0
0
0
0
0
0
0
0
0
0
0
0
0
0
0
0
0
0
0
0
0
0
0
0
0
0
0
0
0
0
0
0
0
0
0
0
0
0
0
0
0
0
0
0
0
0
0
0
0
0
0
0
0
0
0
0
0
0
0
0
0
0
0
0
0
0
0
0
0
0
0
0
0
0
0
0
0
0
0
0
0
0
0
0
0
0
0
0
0
0
0
0
0
0
0
0
0
0
0
0
0
0
0
0
0
0
0
0
0
0
0
0
0
0
0
0
0
0
0
0
0
0
0
0
0
0
0
0
0
0
0
0
0
0
0
0
0
0
0
0
0
0
0
0
0
0
0
0
0
0
0
0
0
0
0
0
0
0
0
0
0
0
0
0
0
0
0
0
0
0
0
0
0
0
0
0
0
0
0
0
0
0
0
0
0
0
0
0
0
0
0
0
0
0
0
0
0
0
0
0
0
0
0
0
0
0
0
0
0
0
0
0
0
0
0
0
0
0
0
0
0
0
0
0
0
0
0
0
0
0
0
0
0
0
0
0
0
0
0
0
0
0
0
0
0
0
0
0
0
0
0
0
0
0
0
0
0
0
0
0
0
0
0
0
0
0
0
0
0
0
0
0
0
0
0
0
0
0
0
0
0
0
0
0
0
0
0
0
0
0
0
0
0
0
0
0
0
0
0
0
0
0
0
0
0
0
0
0
0
0
0
0
0
0
0
0
0
0
0
0
0
0
0
0
0
0
0
0
0
0
0
0
0
0
0
0
0
0
0
0
0
0
0
0
0
0
0
0
0
0
0
0
0
0
0
0
0
0
0
0
0
0
0
0
0
0
0
0
0
0
0
0
0
0
0
0
0
0
0
0
0
0
0
0
0
0
0
0
0
0
0
0
0
0
0
0
0
0
0
0
0
0
0
0
0
0
0
0
0
0
0
0
0
0
0
0
0
0
0
0
0
0
0
0
0
0
0
0
0
0
0
0
0
0
0
0
0
0
0
0
0
0
0
0
0
0
0
0
0
0
0
0
0
0
0
0
0
0
0
0
0
0
0
0
0
0
0
0
0
0
0
0
0
0
0
0
0
0
0
0
0
0
0
0
0
0
0
0
0
0
0
0
0
0
0
0
0
0
0
0
0
0
0
0
0
0
0
0
0
0
0
0
0
0
0
0
0
0
0
0
0
0
0
0
0
0
0
0
0
0
0
0
0
0
0
0
0
0
0
0
0
0
0
0
0
0
0
0
0
0
0
0
0
0
0
0
0
0
0
0
0
0
0
0
0
0
0
0
0
0
0
0
0
0
0
0
0
0
0
0
0
0
0
0
0
0
0
0
0
0
0
0
0
0
0
0
0
0
0
0
0
0
0
0
0
0
0
0
0
0
0
0
0
0
0
0
0
0
0
0
0
0
0
0
0
0
0
0
0
0
0
0
0
0
0
0
0
0
0
0
0
0
0
0
0
0
0
0
0
0
0
0
0
0
0
0
0
0
0
0
0
0
0
0
0
0
0
0
0
0
0
0
0
0
0
0
0
0
0
0
0
0
0
0
0
0
0
0
0
0
0
0
0
0
0
0
0
0
0
0
0
0
0
0
0
0
0
0
0
0
0
0
0
0
0
0
0
0
0
0
0
0
0
0
0
0
0
0
0
0
0
0
0
0
0
0
0
0
0
0
0
0
0
0
0
0
0
0
0
0
0
0
0
0
0
0
0
0
0
0
0
0
0
0
0
0
0
0
0
0
0
0
0
0
0
0
0
0
0
0
0
0
0
0
0
0
0
0
0
0
0
0
0
0
0
0
0
0
0
0
0
0
0
0
0
0
0
0
0
0
0
0
0
0
0
0
0
0
0
0
0
0
0
0
0
0
0
0
0
0
0
0
0
0
0
0
0
0
0
0
0
0
0
0
0
0
0
0
0
0
0
0
0
0
0
0
0
0
0
0
0
0
0
0
0
0
0
0
0
0
0
0
0
0
0
0
0
0
0
0
0
0
0
0
0
0
0
0
0
0
0
0
0
0
0
0
0
0
0
0
0
0
0
0
0
0
0
0
0
0
0
0
0
0
0
0
0
0
0
0
0
0
0
0
0
0
0
0
0
0
0
0
0
0
0
0
0
0
0
0
0
0
0
0
0
0
0
0
0
0
0
0
0
0
0
0
0
0
0
0
0
0
0
0
0
0
0
0
0
0
0
0
0
0
0
0
0
0
0
0
0
0
0
0
0
0
0
0
0
0
0
0
0
0
0
0
0
0
0
0
0
0
0
0
0
0
0
0
0
0
0
0
0
0
0
0
0
0
0
0
0
0
0
0
0
0
0
0
0
0
0
0
0
0
0
0
0
0
0
0
0
0
0
0
0
0
0
0
0
0
0
0
0
0
0
0
0
0
0
0
0
0
0
0
0
0
0
0
0
0
0
0
0
0
0
0
0
0
0
0
0
0
0
0
0
0
0
0
0
0
0
0
0
0
0
0
0
0
0
0
0
0
0
0
0
0
0
0
0
0
0
0
0
0
0
0
0
0
0
0
0
0
0
0
0
0
0
0
0
0
0
0
0
0
0
0
0
0
0
0
0
0
0
0
0
0
0
0
0
0
0
0
0
0
0
0
0
0
0
0
0
0
0
0
0
0
0
0
0
0
0
0
0
0
0
0
0
0
0
0
0
0
0
0
0
0
0
0
0
0
0
0
0
0
0
0
0
0
0
0
0
0
0
0
0
0
0
0
0
0
0
0
0
0
0
0
0
0
0
0
0
0
0
0
0
0
0
0
0
0
0
0
0
0
0
0
0
0
0
0
0
0
0
0
0
0
0
0
0
0
0
0
0
0
0
0
0
0
0
0
0
0
0
0
0
0
0
0
0
0
0
0
0
0
0
0
0
0
0
0
0
0
0
0
0
0
0
0
0
0
0
0
0
0
0
0
0
0
0
0
0
0
0
0
0
0
0
0
0
0
0
0
0
0
0
0
0
0
0
0
0
0
0
0
0
0
0
0
0
0
0
0
0
0
0
0
0
0
0
0
0
0
0
0
0
0
0
0
0
0
0
0
0
0
0
0
0
0
0
0
0
0
0
0
0
0
0
0
0
0
0
0
0
0
0
0
0
0
0
0
0
0
0
0
0
0
0
0
0
0
0
0
0
0
0
0
0
0
0
0
0
0
0
0
0
0
0
0
0
0
0
0
0
0
0
0
0
0
0
0
0
0
0
0
0
0
0
0
0
0
0
0
0
0
0
0
0
0
0
0
0
0
0
0
0
0
0
0
0
0
0
0
0
0
0
0
0
0
0
0
0
0
0
0
0
0
0
0
0
0
0
0
0
0
0
0
0
0
0
0
0
0
0
0
0
0
0
0
0
0
0
0
0
0
0
0
0
0
0
0
0
0
0
0
0
0
0
0
0
0
0
0
0
0
0
0
0
0
0
0
0
0
0
0
0
0
0
0
0
0
0
0
0
0
0
0
0
0
0
0
0
0
0
0
0
0
0
0
0
0
0
0
0
0
0
0
0
0
0
0
0
0
0
0
0
0
0
0
0
0
0
0
0
0
0
0
0
0
0
0
0
0
0
0
0
0
0
0
0
0
0
0
0
0
0
0
0
0
0
0
0
0
0
0
0
0
0
0
0
0
0
0
0
0
0
0
0
0
0
0
0
0
0
0
0
0
0
0
0
0
0
0
0
0
0
0
0
0
0
0
0
0
0
0
0
0
0
0
0
0
0
0
0
0
0
0
0
0
0
0
0
0
0
0
0
0
0
0
0
0
0
0
0
0
0
0
0
0
0
0
0
0
0
0
0
0
0
0
0
0
0
0
0
0
0
0
0
0
0
0
0
0
0
0
0
0
0
0
0
0
0
0
0
0
0
0
0
0
0
0
0
0
0
0
0
0
0
0
0
0
0
0
0
0
0
0
0
0
0
0
0
0
0
0
0
0
0
0
0
0
0
0
0
0
0
0
0
0
0
0
0
0
0
0
0
0
0
0
0
0
0
0
0
0
0
0
0
0
0
0
0
0
0
0
0
0
0
0
0
0
0
0
0
0
0
0
0
0
0
0
0
0
0
0
0
0
0
0
0
0
0
0
0
0
0
0
0
0
0
0
0
0
0
0
0
0
0
0
0
0
0
0
0
0
0
0
0
0
0
0
0
0
0
0
0
0
0
0
0
0
0
0
0
0
0
0
0
0
0
0
0
0
0
0
0
0
0
0
0
0
0
0
0
0
0
0
0
0
0
0
0
0
0
0
0
0
0
0
0
0
0
0
0
0
0
0
0
0
0
0
0
0
0
0
0
0
0
0
0
0
0
0
0
0
0
0
0
0
0
0
0
0
0
0
0
0
0
0
0
0
0
0
0
0
0
0
0
0
0
0
0
0
0
0
0
0
0
0
0
0
0
0
0
0
0
0
0
0
0
0
0
0
0
0
0
0
0
0
0
0
0
0
0
0
0
0
0
0
0
0
0
0
0
0
0
0
0
0
0
0
0
0
0
0
0
0
0
0
0
0
0
0
0
0
0
0
0
0
0
0
0
0
0
0
0
0
0
0
0
0
0
0
0
0
0
0
0
0
0
0
0
0
0
0
0
0
0
0
0
0
0
0
0
0
0
0
0
0
0
0
0
0
0
0
0
0
0
0
0
0
0
0
0
0
0
0
0
0
0
0
0
0
0
0
0
0
0
0
0
0
0
0
0
0
0
0
0
0
0
0
0
0
0
0
0
0
0
0
0
0
0
0
0
0
0
0
0
0
0
0
0
0
0
0
0
0
0
0
0
0
0
0
0
0
0
0
0
0
0
0
0
0
0
0
0
0
0
0
0
0
0
0
0
0
0
0
0
0
0
0
0
0
0
0
0
0
0
0
0
0
0
0
0
0
0
0
0
0
0
0
0
0
0
0
0
0
0
0
0
0
0
0
0
0
0
0
0
0
0
0
0
0
0
0
0
0
0
0
0
0
0
0
0
0
0
0
0
0
0
0
0
0
0
0
0
0
0
0
0
0
0
0
0
0
0
0
0
0
0
0
0
0
0
0
0
0
0
0
0
0
0
0
0
0
0
0
0
0
0
0
0
0
0
0
0
0
0
0
0
0
0
0
0
0
0
0
0
0
0
0
0
0
0
0
0
0
0
0
0
0
0
0
0
0
0
0
0
0
0
0
0
0
0
0
0
0
0
0
0
0
0
0
0
0
0
0
0
0
0
0
0
0
0
0
0
0
0
0
0
0
0
0
0
0
0
0
0
0
0
0
0
0
0
0
0
0
0
0
0
0
0
0
0
0
0
0
0
0
0
0
0
0
0
0
0
0
0
0
0
0
0
0
0
0
0
0
0
0
0
0
0
0
0
0
0
0
0
0
0
0
0
0
0
0
0
0
0
0
0
0
0
0
0
0
0
0
0
0
0
0
0
0
0
0
0
0
0
0
0
0
0
0
0
0
0
0
0
0
0
0
0
0
0
0
0
0
0
0
0
0
0
0
0
0
0
0
0
0
0
0
0
0
0
0
0
0
0
0
0
0
0
0
0
0
0
0
0
0
0
0
0
0
0
0
0
0
0
0
0
0
0
0
0
0
0
0
0
0
0
0
0
0
0
0
0
0
0
0
0
0
0
0
0
0
0
0
0
0
0
0
0
0
0
0
0
0
0
0
0
0
0
0
0
0
0
0
0
0
0
0
0
0
0
0
0
0
0
0
0
0
0
0
0
0
0
0
0
0
0
0
0
0
0
0
0
0
0
0
0
0
0
0
0
0
0
0
0
0
0
0
0
0
0
0
0
0
0
0
0
0
0
0
0
0
0
0
0
0
0
0
0
0
