0
0
0
0
0
0
0
0
0
0
0
0
0
0
0
0
0
0
0
0
0
0
0
0
0
-1
-1
-1
-1
-1
-1
-1
-1
-1
-1
-1
-1
-1
-1
-1
-1
-2
-2
-2
-2
-2
-2
-3
-3
-4
-4
-6
-6
-12
-12
-28
-28
-61
-61
-125
-125
-233
-233
-402
-402
-645
-645
-968
-968
-1362
-1362
-1798
-1798
-2229
-2229
-2587
-2587
-2794
-2794
-2772
-2772
-2456
-2456
-1803
-1803
-805
-805
512
512
2090
2090
3846
3846
5687
5687
7520
7520
9261
9261
10842
10842
12212
12212
13338
13338
14202
14202
14793
14793
15106
15106
15142
15142
14902
14902
14390
14390
13612
13612
12580
12580
11307
11307
9815
9815
8127
8127
6271
6271
4280
4280
2189
2189
35
35
-2143
-2143
-4306
-4306
-6416
-6416
-8433
-8433
-10323
-10323
-12050
-12050
-13586
-13586
-14900
-14900
-15970
-15970
-16776
-16776
-17301
-17301
-17536
-17536
-17473
-17473
-17113
-17113
-16460
-16460
-15525
-15525
-14322
-14322
-12871
-12871
-11196
-11196
-9323
-9323
-7282
-7282
-5106
-5106
-2831
-2831
-492
-492
1872
1872
4223
4223
6523
6523
8735
8735
10822
10822
12752
12752
14493
14493
16018
16018
17301
17301
18322
18322
19066
19066
19518
19518
19672
19672
19525
19525
19077
19077
18335
18335
17309
17309
16016
16016
14473
14473
12705
12705
10737
10737
8599
8599
6323
6323
3943
3943
1493
1493
-990
-990
-3470
-3470
-5909
-5909
-8273
-8273
-10526
-10526
-12637
-12637
-14575
-14575
-16312
-16312
-17824
-17824
-19090
-19090
-20092
-20092
-20816
-20816
-21251
-21251
-21392
-21392
-21235
-21235
-20783
-20783
-20039
-20039
-19014
-19014
-17722
-17722
-16180
-16180
-14410
-14410
-12437
-12437
-10291
-10291
-8001
-8001
-5601
-5601
-3124
-3124
-605
-605
1923
1923
4424
4424
6867
6867
9219
9219
11451
11451
13534
13534
15441
15441
17149
17149
18636
18636
19884
19884
20878
20878
21606
21606
22061
22061
22239
22239
22138
22138
21761
21761
21114
21114
20208
20208
19054
19054
17669
17669
16071
16071
14281
14281
12323
12323
10220
10220
8000
8000
5690
5690
3318
3318
914
914
-1495
-1495
-3878
-3878
-6208
-6208
-8457
-8457
-10599
-10599
-12611
-12611
-14468
-14468
-16152
-16152
-17644
-17644
-18928
-18928
-19992
-19992
-20826
-20826
-21420
-21420
-21771
-21771
-21878
-21878
-21741
-21741
-21363
-21363
-20752
-20752
-19916
-19916
-18867
-18867
-17618
-17618
-16185
-16185
-14586
-14586
-12838
-12838
-10963
-10963
-8982
-8982
-6919
-6919
-4796
-4796
-2637
-2637
-465
-465
1696
1696
3825
3825
5899
5899
7897
7897
9799
9799
11586
11586
13241
13241
14748
14748
16093
16093
17264
17264
18252
18252
19049
19049
19649
19649
20048
20048
20246
20246
20242
20242
20039
20039
19642
19642
19056
19056
18290
18290
17354
17354
16259
16259
15019
15019
13646
13646
12158
12158
10568
10568
8895
8895
7155
7155
5366
5366
3545
3545
1711
1711
-119
-119
-1928
-1928
-3699
-3699
-5417
-5417
-7066
-7066
-8631
-8631
-10101
-10101
-11462
-11462
-12703
-12703
-13815
-13815
-14790
-14790
-15620
-15620
-16301
-16301
-16828
-16828
-17200
-17200
-17415
-17415
-17476
-17476
-17383
-17383
-17142
-17142
-16755
-16755
-16230
-16230
-15573
-15573
-14791
-14791
-13893
-13893
-12889
-12889
-11789
-11789
-10605
-10605
-9347
-9347
-8029
-8029
-6663
-6663
-5262
-5262
-3838
-3838
-2404
-2404
-973
-973
445
445
1837
1837
3192
3192
4500
4500
5751
5751
6936
6936
8045
8045
9072
9072
10008
10008
10848
10848
11587
11587
12220
12220
12746
12746
13162
13162
13466
13466
13660
13660
13744
13744
13720
13720
13589
13589
13356
13356
13023
13023
12596
12596
12080
12080
11481
11481
10805
10805
10059
10059
9251
9251
8388
8388
7479
7479
6531
6531
5553
5553
4554
4554
3542
3542
2524
2524
1509
1509
505
505
-481
-481
-1442
-1442
-2372
-2372
-3264
-3264
-4112
-4112
-4912
-4912
-5659
-5659
-6347
-6347
-6974
-6974
-7537
-7537
-8032
-8032
-8457
-8457
-8811
-8811
-9093
-9093
-9303
-9303
-9441
-9441
-9509
-9509
-9507
-9507
-9439
-9439
-9305
-9305
-9109
-9109
-8854
-8854
-8543
-8543
-8180
-8180
-7769
-7769
-7315
-7315
-6822
-6822
-6294
-6294
-5738
-5738
-5157
-5157
-4557
-4557
-3946
-3946
-3324
-3324
-2686
-2686
-2025
-2025
-1355
-1355
-725
-725
-214
-214
118
118
262
262
274
274
232
232
195
195
183
183
187
187
192
192
194
194
194
194
194
194
194
194
194
194
194
194
194
194
194
194
194
194
194
194
194
194
194
194
194
194
194
194
194
194
194
194
194
194
194
194
194
194
194
194
194
194
194
194
194
194
194
194
194
194
194
194
194
194
194
194
194
194
194
194
194
194
194
194
194
194
194
194
194
194
194
194
194
194
194
194
194
194
194
194
194
194
194
194
194
194
194
194
194
194
194
194
194
194
194
194
194
194
194
194
194
194
194
