0
0
0
0
0
0
0
0
0
0
0
0
0
0
0
0
0
0
0
0
0
0
0
0
0
0
0
-1
-1
-1
-1
-1
-1
-1
-1
-1
-1
-1
-1
-1
-1
-1
-1
-2
-2
-2
-2
-3
-3
-3
-3
-6
-6
-6
-6
-28
-28
-28
-28
-125
-125
-125
-125
-402
-402
-402
-402
-968
-968
-968
-968
-1798
-1798
-1798
-1798
-2587
-2587
-2587
-2587
-2772
-2772
-2772
-2772
-1803
-1803
-1803
-1803
512
512
512
512
3846
3846
3846
3846
7520
7520
7520
7520
10842
10842
10842
10842
13338
13338
13338
13338
14793
14793
14793
14793
15142
15142
15142
15142
14390
14390
14390
14390
12580
12580
12580
12580
9815
9815
9815
9815
6271
6271
6271
6271
2189
2189
2189
2189
-2143
-2143
-2143
-2143
-6416
-6416
-6416
-6416
-10323
-10323
-10323
-10323
-13586
-13586
-13586
-13586
-15970
-15970
-15970
-15970
-17301
-17301
-17301
-17301
-17473
-17473
-17473
-17473
-16460
-16460
-16460
-16460
-14322
-14322
-14322
-14322
-11196
-11196
-11196
-11196
-7282
-7282
-7282
-7282
-2831
-2831
-2831
-2831
1872
1872
1872
1872
6523
6523
6523
6523
10822
10822
10822
10822
14493
14493
14493
14493
17301
17301
17301
17301
19066
19066
19066
19066
19672
19672
19672
19672
19077
19077
19077
19077
17309
17309
17309
17309
14473
14473
14473
14473
10737
10737
10737
10737
6323
6323
6323
6323
1493
1493
1493
1493
-3470
-3470
-3470
-3470
-8273
-8273
-8273
-8273
-12637
-12637
-12637
-12637
-16312
-16312
-16312
-16312
-19090
-19090
-19090
-19090
-20816
-20816
-20816
-20816
-21392
-21392
-21392
-21392
-20783
-20783
-20783
-20783
-19014
-19014
-19014
-19014
-16180
-16180
-16180
-16180
-12437
-12437
-12437
-12437
-8001
-8001
-8001
-8001
-3124
-3124
-3124
-3124
1923
1923
1923
1923
6867
6867
6867
6867
11451
11451
11451
11451
15441
15441
15441
15441
18636
18636
18636
18636
20878
20878
20878
20878
22061
22061
22061
22061
22138
22138
22138
22138
21114
21114
21114
21114
19054
19054
19054
19054
16071
16071
16071
16071
12323
12323
12323
12323
8000
8000
8000
8000
3318
3318
3318
3318
-1495
-1495
-1495
-1495
-6208
-6208
-6208
-6208
-10599
-10599
-10599
-10599
-14468
-14468
-14468
-14468
-17644
-17644
-17644
-17644
-19992
-19992
-19992
-19992
-21420
-21420
-21420
-21420
-21878
-21878
-21878
-21878
-21363
-21363
-21363
-21363
-19916
-19916
-19916
-19916
-17618
-17618
-17618
-17618
-14586
-14586
-14586
-14586
-10963
-10963
-10963
-10963
-6919
-6919
-6919
-6919
-2637
-2637
-2637
-2637
1696
1696
1696
1696
5899
5899
5899
5899
9799
9799
9799
9799
13241
13241
13241
13241
16093
16093
16093
16093
18252
18252
18252
18252
19649
19649
19649
19649
20246
20246
20246
20246
20039
20039
20039
20039
19056
19056
19056
19056
17354
17354
17354
17354
15019
15019
15019
15019
12158
12158
12158
12158
8895
8895
8895
8895
5366
5366
5366
5366
1711
1711
1711
1711
-1928
-1928
-1928
-1928
-5417
-5417
-5417
-5417
-8631
-8631
-8631
-8631
-11462
-11462
-11462
-11462
-13815
-13815
-13815
-13815
-15620
-15620
-15620
-15620
-16828
-16828
-16828
-16828
-17415
-17415
-17415
-17415
-17383
-17383
-17383
-17383
-16755
-16755
-16755
-16755
-15573
-15573
-15573
-15573
-13893
-13893
-13893
-13893
-11789
-11789
-11789
-11789
-9347
-9347
-9347
-9347
-6663
-6663
-6663
-6663
-3838
-3838
-3838
-3838
-973
-973
-973
-973
1837
1837
1837
1837
4500
4500
4500
4500
6936
6936
6936
6936
9072
9072
9072
9072
10848
10848
10848
10848
12220
12220
12220
12220
13162
13162
13162
13162
13660
13660
13660
13660
13720
13720
13720
13720
13356
13356
13356
13356
12596
12596
12596
12596
11481
11481
11481
11481
10059
10059
10059
10059
8388
8388
8388
8388
6531
6531
6531
6531
4554
4554
4554
4554
2524
2524
2524
2524
505
505
505
505
-1442
-1442
-1442
-1442
-3264
-3264
-3264
-3264
-4912
-4912
-4912
-4912
-6347
-6347
-6347
-6347
-7537
-7537
-7537
-7537
-8457
-8457
-8457
-8457
-9093
-9093
-9093
-9093
-9441
-9441
-9441
-9441
-9507
-9507
-9507
-9507
-9305
-9305
-9305
-9305
-8854
-8854
-8854
-8854
-8180
-8180
-8180
-8180
-7315
-7315
-7315
-7315
-6294
-6294
-6294
-6294
-5157
-5157
-5157
-5157
-3946
-3946
-3946
-3946
-2686
-2686
-2686
-2686
-1355
-1355
-1355
-1355
-214
-214
-214
-214
262
262
262
262
232
232
232
232
183
183
183
183
192
192
192
192
194
194
194
194
194
194
194
194
194
194
194
194
194
194
194
194
194
194
194
194
194
194
194
194
194
194
194
194
194
194
194
194
194
194
194
194
194
194
194
194
194
194
194
194
194
194
194
194
194
194
194
194
194
194
194
194
194
194
194
194
194
194
194
194
194
194
194
194
194
194
194
194
194
194
194
194
194
194
194
194
194
194
194
194
194
194
194
194
194
194
194
194
194
194
194
194
194
194
194
194
194
