0
0
0
0
0
0
0
0
0
0
0
0
0
0
0
0
0
0
0
0
0
0
0
0
0
0
0
-1
-1
-1
-1
-1
-1
-1
-1
-1
-1
-1
-1
-1
-1
-1
-1
-2
-2
-2
-2
-2
-2
-2
-2
-6
-6
-6
-6
-6
-6
-6
-6
-125
-125
-125
-125
-125
-125
-125
-125
-968
-968
-968
-968
-968
-968
-968
-968
-2587
-2587
-2587
-2587
-2587
-2587
-2587
-2587
-1803
-1803
-1803
-1803
-1803
-1803
-1803
-1803
3846
3846
3846
3846
3846
3846
3846
3846
10842
10842
10842
10842
10842
10842
10842
10842
14793
14793
14793
14793
14793
14793
14793
14793
14390
14390
14390
14390
14390
14390
14390
14390
9815
9815
9815
9815
9815
9815
9815
9815
2189
2189
2189
2189
2189
2189
2189
2189
-6416
-6416
-6416
-6416
-6416
-6416
-6416
-6416
-13586
-13586
-13586
-13586
-13586
-13586
-13586
-13586
-17301
-17301
-17301
-17301
-17301
-17301
-17301
-17301
-16460
-16460
-16460
-16460
-16460
-16460
-16460
-16460
-11196
-11196
-11196
-11196
-11196
-11196
-11196
-11196
-2831
-2831
-2831
-2831
-2831
-2831
-2831
-2831
6523
6523
6523
6523
6523
6523
6523
6523
14493
14493
14493
14493
14493
14493
14493
14493
19066
19066
19066
19066
19066
19066
19066
19066
19077
19077
19077
19077
19077
19077
19077
19077
14473
14473
14473
14473
14473
14473
14473
14473
6323
6323
6323
6323
6323
6323
6323
6323
-3470
-3470
-3470
-3470
-3470
-3470
-3470
-3470
-12637
-12637
-12637
-12637
-12637
-12637
-12637
-12637
-19090
-19090
-19090
-19090
-19090
-19090
-19090
-19090
-21392
-21392
-21392
-21392
-21392
-21392
-21392
-21392
-19014
-19014
-19014
-19014
-19014
-19014
-19014
-19014
-12437
-12437
-12437
-12437
-12437
-12437
-12437
-12437
-3124
-3124
-3124
-3124
-3124
-3124
-3124
-3124
6867
6867
6867
6867
6867
6867
6867
6867
15441
15441
15441
15441
15441
15441
15441
15441
20878
20878
20878
20878
20878
20878
20878
20878
22138
22138
22138
22138
22138
22138
22138
22138
19054
19054
19054
19054
19054
19054
19054
19054
12323
12323
12323
12323
12323
12323
12323
12323
3318
3318
3318
3318
3318
3318
3318
3318
-6208
-6208
-6208
-6208
-6208
-6208
-6208
-6208
-14468
-14468
-14468
-14468
-14468
-14468
-14468
-14468
-19992
-19992
-19992
-19992
-19992
-19992
-19992
-19992
-21878
-21878
-21878
-21878
-21878
-21878
-21878
-21878
-19916
-19916
-19916
-19916
-19916
-19916
-19916
-19916
-14586
-14586
-14586
-14586
-14586
-14586
-14586
-14586
-6919
-6919
-6919
-6919
-6919
-6919
-6919
-6919
1696
1696
1696
1696
1696
1696
1696
1696
9799
9799
9799
9799
9799
9799
9799
9799
16093
16093
16093
16093
16093
16093
16093
16093
19649
19649
19649
19649
19649
19649
19649
19649
20039
20039
20039
20039
20039
20039
20039
20039
17354
17354
17354
17354
17354
17354
17354
17354
12158
12158
12158
12158
12158
12158
12158
12158
5366
5366
5366
5366
5366
5366
5366
5366
-1928
-1928
-1928
-1928
-1928
-1928
-1928
-1928
-8631
-8631
-8631
-8631
-8631
-8631
-8631
-8631
-13815
-13815
-13815
-13815
-13815
-13815
-13815
-13815
-16828
-16828
-16828
-16828
-16828
-16828
-16828
-16828
-17383
-17383
-17383
-17383
-17383
-17383
-17383
-17383
-15573
-15573
-15573
-15573
-15573
-15573
-15573
-15573
-11789
-11789
-11789
-11789
-11789
-11789
-11789
-11789
-6663
-6663
-6663
-6663
-6663
-6663
-6663
-6663
-973
-973
-973
-973
-973
-973
-973
-973
4500
4500
4500
4500
4500
4500
4500
4500
9072
9072
9072
9072
9072
9072
9072
9072
12220
12220
12220
12220
12220
12220
12220
12220
13660
13660
13660
13660
13660
13660
13660
13660
13356
13356
13356
13356
13356
13356
13356
13356
11481
11481
11481
11481
11481
11481
11481
11481
8388
8388
8388
8388
8388
8388
8388
8388
4554
4554
4554
4554
4554
4554
4554
4554
505
505
505
505
505
505
505
505
-3264
-3264
-3264
-3264
-3264
-3264
-3264
-3264
-6347
-6347
-6347
-6347
-6347
-6347
-6347
-6347
-8457
-8457
-8457
-8457
-8457
-8457
-8457
-8457
-9441
-9441
-9441
-9441
-9441
-9441
-9441
-9441
-9305
-9305
-9305
-9305
-9305
-9305
-9305
-9305
-8180
-8180
-8180
-8180
-8180
-8180
-8180
-8180
-6294
-6294
-6294
-6294
-6294
-6294
-6294
-6294
-3946
-3946
-3946
-3946
-3946
-3946
-3946
-3946
-1355
-1355
-1355
-1355
-1355
-1355
-1355
-1355
262
262
262
262
262
262
262
262
183
183
183
183
183
183
183
183
194
194
194
194
194
194
194
194
194
194
194
194
194
194
194
194
194
194
194
194
194
194
194
194
194
194
194
194
194
194
194
194
194
194
194
194
194
194
194
194
194
194
194
194
194
194
194
194
194
194
194
194
194
194
194
194
194
194
194
194
194
194
194
194
194
194
194
194
194
194
194
194
194
194
194
194
194
194
194
194
194
194
194
194
194
194
194
194
194
194
194
194
194
194
194
194
194
194
194
194
194
